substraction_list_1 = [
    460 13 447;
    447 12 435;
    435 17 418;
    418 13 405;
    405 8 397;
    397 12 385;
    385 7 378;
    378 15 363;
    363 18 345;
    345 17 328;
    328 13 315;
    315 8 307;
    307 11 296;
    296 17 279;
    279 12 267;
    267 13 254;
    254 7 247;
    247 18 229;
    229 5 224;
    224 15 209;
    
    367 12 355;
    355 8 347;
    347 9 338;
    338 13 325;
    325 17 308;
    308 15 293;
    293 7 286;
    286 13 273;
    273 8 265;
    265 7 258;
    258 15 243;
    243 15 228;
    228 13 215;
    215 8 207;
    207 9 198;
    198 13 185;
    185 12 173;
    173 5 168;
    168 3 165;
    165 17 148;
    
    412 5 407;
    407 12 395;
    395 17 378;
    378 5 373;
    373 8 365;
    365 18 347;
    347 13 334;
    334 7 327;
    327 14 313;
    313 9 304;
    304 18 286;
    286 17 269;
    269 15 254;
    254 16 238;
    238 11 227;
    227 19 208;
    208 13 195;
    195 17 178;
    178 11 167;
    167 9 158;
    
    450 18 432;
    432 16 416;
    416 17 399;
    399 13 386;
    386 15 371;
    371 16 355;
    355 17 338;
    338 19 319;
    319 12 307;
    307 15 292;
    292 18 274;
    274 16 256;
    256 18 238;
    238 9  229;
    229 14 215;
    215 7  208;
    208 14 194;
    194 6  188;
    188 19 169;
    169 13 156];

substraction_list_0 = [
   324     2   322;
   322     1   321;
   321     2   319;
   319     2   317;
   317     1   316;
   316     2   314;
   314     2   312;
   312     2   310;
   310     2   308;
   308     1   307;
   307     1   306;
   306     2   304;
   304     2   302;
   302     2   300;
   300     2   298;
   298     1   297;
   297     2   295;
   295     1   294;
   294     2   292;
   292     1   291;
   291     1   290;
   290     2   288;
   288     1   287;
   287     1   286;
   286     2   284;
   284     1   283;
   283     1   282;
   282     2   280;
   280     2   278;
   278     1   277;
   277     1   276;
   276     2   274;
   274     1   273;
   273     1   272;
   272     1   271;
   271     2   269;
   269     1   268;
   268     1   267;
   267     1   266;
   266     1   265;
   265     2   263;
   263     1   262;
   262     1   261;
   261     2   259;
   259     2   257;
   257     2   255;
   255     2   253;
   253     2   251;
   251     1   250;
   250     1   249;
   249     2   247;
   247     1   246;
   246     1   245;
   245     1   244;
   244     2   242;
   242     1   241;
   241     1   240;
   240     2   238;
   238     1   237;
   237     2   235;
   235     2   233;
   233     1   232;
   232     1   231;
   231     1   230;
   230     2   228;
   228     2   226;
   226     1   225;
   225     2   223;
   223     2   221;
   221     2   219;
   219     1   218;
   218     1   217;
   217     1   216;
   216     1   215;
   215     2   213;
   213     2   211;
   211     2   209;
   209     2   207;
   207     1   206;
   206     2   204];